310
414
827
887
1219
1223
1391
1518
1696
1749
1799
1892
1968
2066
2188
2194
2218
2248
2260
2297
2549
2588
2603
2627
2639
2677
2715
2727
2781
2823
2834
2920
3010
3161
3240
3505
3626
3642
3704
3704
3746
4153
4220
4283
4310
4349
4407
4410
4423
4449
4471
4563
4616
4717
4757
4774
4885
4970
5007
5023
5040
5131
5223
5366
5477
5492
5508
5509
5535
5574
5597
5619
5815
5819
5891
5997
6129
6208
6242
6267
6327
6430
6448
6485
6522
6531
6581
6741
6864
6990
7177
7257
7354
7454
7513
7532
7549
7578
7646
7705
7765
7779
7782
7967
8075
8118
8266
8438
8440
8522
8556
8632
8633
8687
8688
8712
8951
8954
9021
9053
9164
9337
9435
9574
9614
9635
9767
9826
9853
9902
9910
9923
9945
9994
10075
10133
10281
10283
10334
10402
10502
10554
10639
10680
10852
10897
10907
10912
11001
11160
11263
11419
11535
11663
11704
12017
12024
12070
12128
12133
12262
12321
12418
12486
12496
12537
12662
12960
13069
13092
13107
13168
13176
13222
13283
13519
13645
13984
14028
14061
14275
14327
14387
14477
14513
14691
15022
15103
15154
15171
15230
15460
15532
15553
15594
15924
15932
15940
15967
16090
16117
16153
16158
16170
16388
16390
16428
16507
16653
16829
16916
16937
17053
17060
17288
17337
17400
17447
17483
17533
17709
17743
17983
18028
18144
18146
18175
18181
18201
18300
18312
18320
18446
18481
18498
18542
18610
18724
18910
18931
18931
18946
18998
19112
19173
19523
19597
19649
19689
19791
19949
20009
20049
20122
20153
20198
20205
20251
20569
20579
20582
20591
20598
20698
20735
20777
20795
21010
21043
21194
21256
21280
21287
21419
21568
21584
21585
21634
21691
21865
21891
21895
22107
22172
22190
22246
22333
22394
22601
22604
22677
22700
22712
22753
22929
22964
23072
23194
23346
23346
23359
23415
23417
23421
23466
23513
23551
23597
23746
23802
23806
23832
23848
23854
23866
23909
23945
24031
24038
24176
24310
24338
24378
24607
24633
24952
24976
24976
25038
25076
25129
25458
25514
25699
25711
25803
25884
26006
26165
26272
26327
26359
26396
26489
26611
26648
26648
26691
26712
26734
26788
26952
26974
27050
27200
27276
27409
27441
27711
27715
27748
27765
27916
27978
27983
28258
28340
28405
28517
28520
28593
28642
28691
28758
28912
28961
29018
29055
29074
29079
29129
29154
29227
29235
29314
29322
29544
29655
29830
29834
29855
29944
30011
30054
30204
30263
30323
30375
30377
30430
30522
30577
30596
30645
30918
30951
30965
31008
31226
31337
31342
31360
31416
31509
31511
31588
31609
31652
31761
31856
31941
31949
32194
32232
32366
32374
32402
32487
32518
32657
32708
32986
33115
33118
33120
33355
33408
33445
33654
33775
33820
33860
33935
34142
34261
34445
34484
34504
34565
34591
34705
34717
34782
34857
34888
34918
35053
35137
35461
35464
35488
35502
35586
35641
35713
35761
35790
35910
35932
36305
36400
36633
36674
36991
37026
37099
37128
37272
37292
37345
37498
37539
37539
37703
37745
37746
37861
37892
37924
38006
38082
38113
38222
38234
38383
38410
38546
38645
38767
38829
38898
38986
39009
39010
39208
39291
39294
39317
39325
39367
39468
39475
39504
39619
39676
39705
39734
39746
39819
39945
40071
40087
40185
40260
40286
40349
40351
40351
40363
40497
40629
40634
40704
40816
40853
40865
40878
40914
40915
40972
41276
41377
41436
41498
41870
42132
42162
42218
42304
42427
42495
42608
42644
42671
42776
42860
42984
43059
43065
43290
43317
43350
43441
43477
43546
43692
43777
43831
43846
43905
43937
44174
44328
44339
44341
44457
44458
44789
44869
44926
44976
45053
45082
45127
45178
45219
45271
45403
45418
45423
45451
45634
45649
45663
45723
45743
45760
45799
45805
45906
46021
46061
46304
46386
46469
46551
46616
46811
46980
47078
47088
47126
47255
47273
47394
47429
47523
47532
47606
47650
47687
47709
47752
47861
47970
48031
48168
48190
48214
48232
48241
48313
48344
48363
48371
48377
48453
48489
48492
48592
48694
48721
48779
48879
48934
48967
49117
49123
49300
49318
49467
49493
49631
49659
49745
49780
49976
50093
50141
50150
50166
50217
50298
50301
50384
50410
50525
50823
50858
50911
50953
50991
51030
51058
51139
51148
51266
51309
51320
51331
51366
51502
51525
51590
51717
51762
51875
51903
52025
52199
52253
52295
52323
52493
52681
52723
52765
52804
52813
52878
52885
52916
53162
53274
53333
53515
53617
53817
53834
53915
54033
54126
54162
54187
54222
54245
54289
54318
54447
54482
54486
54555
54760
54812
54896
54935
55224
55286
55288
55338
55544
55641
55960
56212
56237
56258
56285
56287
56311
56315
56332
56362
56362
56415
56544
56553
56602
56657
56721
56727
56763
56789
56801
56913
57021
57153
57169
57204
57427
57471
57472
57484
57550
57622
57733
57913
57919
58087
58180
58339
58365
58467
58657
58697
58776
58982
59052
59060
59101
59116
59157
59246
59286
59610
59661
59773
59964
60005
60040
60073
60109
60224
60313
60537
60698
60726
60860
60873
60948
60980
61039
61050
61056
61168
61229
61246
61393
61511
61699
61869
61911
61915
62037
62099
62130
62143
62243
62349
62402
62426
62564
62645
62737
62940
62958
63088
63103
63288
63289
63312
63333
63444
63655
63710
63818
63916
64011
64088
64134
64134
64147
64359
64434
64535
64549
64558
64678
64711
64799
64808
64831
64893
65009
65059
65073
65091
65267
65414
65540
65585
65710
65804
66093
66187
66194
66224
66292
66447
66454
66639
66740
66835
66860
66879
66953
67025
67101
67111
67198
67221
67297
67414
67419
67450
67555
67571
67602
67803
67823
67872
68175
68239
68274
68317
68320
68437
68485
68603
68626
68656
68924
69068
69167
69431
69441
69481
69498
69586
69610
69834
69842
69917
69923
69930
69977
70013
70270
70283
70359
70451
70496
70510
70657
70693
70730
70735
70776
70843
70973
71389
71407
71559
71594
71604
71637
71668
71683
71766
71782
71991
72110
72116
72153
72218
72220
72253
72296
72328
72366
72456
72466
72491
72506
72635
72639
72863
72888
72899
72964
73047
73065
73130
73361
73373
73476
73512
73575
73577
73588
73694
73787
73820
73978
73999
74036
74218
74388
74545
74687
74890
74933
74959
75093
75222
75378
75468
75510
75563
75568
75739
75926
76009
76020
76048
76115
76126
76128
76181
76327
76627
