0
39
45
48
59
60
61
74
76
79
88
127
141
143
153
168
184
195
199
204
220
230
232
234
237
253
277
295
299
318
322
348
375
383
392
394
400
418
425
436
441
456
471
478
481
483
489
498
503
504
506
512
514
540
541
555
559
568
570
571
589
603
608
622
631
635
646
659
685
690
691
693
695
697
702
707
711
728
732
736
754
761
762
781
789
820
826
853
855
876
889
905
906
952
960
970
975
980
991
993
994
1006
1013
1015
1024
1046
1051
1054
1058
1065
1066
1067
1074
1079
1093
1102
1118
1125
1137
1142
1150
1162
1178
1185
1193
1196
1253
1271
1278
1288
1295
1296
1318
1326
1335
1338
1350
1352
1363
1364
1371
1392
1398
1400
1409
1410
1413
1422
1423
1426
1438
1460
1469
1473
1475
1480
1494
1513
1516
1523
1527
1528
1539
1559
1598
1604
1606
1633
1645
1694
1698
1699
1723
1728
1731
1736
1757
1775
1776
1789
1794
1842
1846
1849
1869
1892
1916
1918
1932
1958
1981
1991
2011
2017
2030
2035
2048
2049
2059
2076
2089
2090
2091
2103
2122
2126
2133
2137
2142
2155
2163
2180
2187
2188
2219
2223
2232
2250
2258
2261
2280
2282
2292
2297
2345
2348
2361
2365
2373
2376
2398
2412
2427
2434
2435
2439
2448
2459
2464
2478
2481
2504
2507
2531
2538
2546
2576
2618
2641
2647
2655
2666
2672
2674
2683
2691
2704
2714
2728
2734
2736
2748
2756
2761
2766
2784
2813
2842
2864
2882
2892
2905
2907
2911
2918
2929
2935
2945
2961
2971
2988
2990
3009
3011
3012
3030
3038
3039
3042
3064
3075
3097
3098
3102
3107
3111
3120
3154
3182
3183
3193
3208
3216
3245
3249
3252
3255
3266
3270
3274
3279
3290
3300
3305
3307
3312
3320
3325
3328
3335
3344
3345
3360
3373
3375
3377
3404
3408
3413
3427
3445
3451
3480
3493
3494
3497
3501
3502
3504
3511
3512
3535
3560
3581
3586
3592
3602
3604
3619
3622
3641
3643
3658
3671
3672
3677
3698
3714
3726
3731
3742
3743
3786
3798
3823
3825
3829
3850
3853
3864
3871
3878
3885
3904
3912
3915
3917
3918
3925
3936
3939
3983
3991
3993
3994
3995
4001
4007
4024
4029
4037
4038
4049
4052
4056
4063
4077
4092
4113
4115
4137
4167
4187
4238
4241
4242
4256
4296
4314
4328
4342
4371
4374
4380
4382
4392
4397
4400
4405
4408
4414
4426
4431
4434
4439
4441
4442
4450
4457
4462
4466
4470
4482
4485
4487
4490
4491
4493
4499
4547
4555
4561
4569
4570
4572
4579
4583
4586
4588
4589
4607
4614
4626
4647
4650
4651
4655
4665
4671
4672
4677
4686
4693
4697
4712
4740
4746
4764
4777
4786
4788
4804
4809
4818
4824
4860
4862
4877
4894
4914
4919
4934
4953
4960
4967
4974
4979
4984
4986
5005
5013
5023
5027
5059
5084
5093
5097
5105
5106
5114
5131
5146
5169
5171
5179
5200
5205
5210
5213
5215
5234
5249
5253
5258
5260
5270
5272
5279
5286
5298
5316
5322
5330
5338
5344
5354
5361
5364
5381
5422
5439
5470
5476
5485
5506
5509
5511
5515
5523
5530
5536
5537
5548
5549
5553
5554
5566
5568
5574
5583
5586
5592
5614
5619
5623
5633
5635
5636
5638
5643
5649
5651
5661
5666
5691
5734
5735
5739
5746
5751
5758
5759
5771
5782
5785
5787
5792
5794
5800
5802
5808
5819
5821
5824
5831
5836
5845
5848
5851
5859
5860
5881
5885
5889
5906
5934
5935
5939
5940
5950
5957
5965
6003
6004
6014
6040
6050
6054
6057
6060
6068
6084
6094
6097
6109
6111
6113
6124
6132
6141
6161
6167
6181
6187
6189
6191
6204
6209
6214
6240
6250
6271
6281
6289
6301
6320
6327
6333
6344
6355
6367
6374
6375
6378
6387
6403
6405
6406
6409
6420
6437
6452
6468
6478
6479
6483
6487
6518
6552
6571
6574
6581
6582
6589
6615
6662
6673
6684
6691
6700
6702
6714
6722
6724
6739
6759
6771
6798
6811
6813
6818
6838
6841
6852
6854
6855
6860
6871
6890
6949
6968
7001
7013
7018
7023
7025
7027
7035
7049
7060
7062
7066
7071
7078
7084
7092
7100
7106
7141
7144
7152
7161
7168
7169
7174
7178
7190
7211
7214
7215
7219
7239
7242
7246
7250
7258
7266
7275
7285
7310
7326
7336
7347
7379
7387
7396
7405
7421
7431
7447
7519
7528
7550
7558
7575
7597
7619
7627
7632
7634
7639
7654
7659
7696
7700
7703
7705
7713
7732
7748
7753
7758
7759
7771
7772
7774
7778
7796
7808
7814
7819
7820
7822
7838
7857
7860
7870
7872
7877
7885
7891
7920
7926
7935
7937
7979
7981
7988
7992
7997
8002
8009
8011
8016
8017
8036
8048
8076
8079
8080
8083
8091
8093
8116
8124
8127
8151
8176
8179
8184
8201
8202
8208
8209
8236
8248
8256
8266
8269
8277
8284
8285
8288
8303
8334
8339
8345
8346
8354
8368
8376
8391
8396
8407
8419
8425
8432
8439
8443
8447
8448
8449
8450
8473
8493
8498
8504
8506
8531
8541
8564
8572
8575
8593
8620
8625
8631
8636
8645
8650
8661
8669
8684
8687
8697
8701
8705
8708
8715
8720
8736
8744
8755
8760
8764
8767
8779
8800
8821
8829
8836
8845
8846
8860
8868
8879
8911
8929
8932
8936
8959
8962
8987
8988
8990
9006
9036
9037
9043
9054
9065
9086
9087
9095
9103
9111
9112
9113
9134
9135
9154
9201
9204
9207
9211
9232
9255
9267
9270
9274
9277
9278
9304
9307
9329
9347
9361
9365
9391
9396
9417
9418
9423
9427
9447
9448
9457
9460
9461
9471
9479
9490
9509
9521
9522
9526
9528
9537
9545
9563
9567
9568
9569
9578
9589
9590
9621
9632
9676
9682
9700
9707
9709
9715
9719
9737
9784
9791
9798
9809
9825
9838
9840
9850
9851
9858
9871
9875
9876
9882
9886
9887
9903
9916
9924
9925
9932
9935
9936
9939
9955
9960
9961
9984
9994
10004
10006
10013
10016
10026
10031
10062
10068
10088
10104
10132
10139
10152
10157
10188
10197
10201
10206
10213
10218
10234
10273
10292
10326
10342
10350
10358
10369
10371
10376
10391
10401
10412
10415
10416
10421
10422
10448
10452
10469
10479
10493
10506
10507
10509
10531
10536
10567
10576
10594
10618
10623
10624
10626
10645
10653
10656
10659
10661
10672
10682
10719
10748
10762
10791
10794
10796
10812
10815
10840
10841
10849
10854
10878
10883
10885
10890
10899
10905
10932
10943
10961
10975
10979
10985
10997
11018
11020
11038
11070
11072
11080
11098
11116
11124
11136
11142
11146
11185
11192
11197
11219
11233
11269
11278
11288
11292
11293
11312
11326
11333
11350
11353
11367
11370
11381
11395
11401
11414
11415
11421
11425
11431
11432
11446
11461
11471
11485
11487
11490
11494
11509
11518
11538
11541
11553
11566
11568
11581
11601
11603
11610
11623
11632
11645
11666
11684
11685
11686
11702
11706
11712
11714
11744
11758
11766
11779
11780
11781
11783
11791
11799
11801
11804
11840
11853
11859
11872
11873
11875
11882
11883
11904
11913
11918
11933
11939
11966
11976
11993
11998
12027
12034
12039
12042
12043
12049
12056
12060
12069
12073
12075
12083
12093
12100
12117
12121
12137
12152
12160
12169
12178
12184
12196
12210
12220
12223
12227
12229
12242
12250
12264
12265
12270
12301
12305
12311
12314
12315
12318
12322
12325
12347
12350
12358
12363
12390
12395
12435
12465
12475
12480
12488
12516
12533
12545
12561
12563
12572
12592
12599
12602
12608
12612
12631
12635
12646
12653
12661
12664
12666
12673
12682
12712
12715
12736
12743
12748
12750
12756
12772
12775
12786
12792
12796
12808
12815
12828
12837
12838
12841
12844
12853
12855
12867
12885
12887
12895
12898
12901
12904
12911
12918
12928
12935
12944
12951
12952
12965
12977
12980
12988
13002
13003
13007
13012
13034
13062
13070
13081
13088
13095
13109
13116
13122
13130
13143
13150
13152
13171
13172
13180
13184
13186
13195
13197
13233
13234
13248
13253
13255
13274
13279
13292
13294
13301
13325
13329
13332
13335
13354
13358
13365
13379
13395
13442
13456
13459
13464
13471
13484
13490
13496
13504
13505
13506
13511
13521
13529
13546
13560
13563
13570
13591
13604
13620
13654
13662
13690
13708
13710
13724
13727
13738
13748
13755
13773
13775
13782
13795
13796
13799
13815
13823
13834
13844
13849
13851
13853
13856
13867
13921
13930
13936
13960
13966
13981
13987
14005
14022
14024
14029
14035
14053
14067
14068
14086
14095
14120
14125
14126
14131
14134
14162
14164
14187
14188
14197
14237
14254
14260
14269
14271
14275
14286
14291
14294
14299
14303
14305
14318
14342
14361
14383
14414
14426
14429
14449
14451
14454
14460
14466
14467
14471
14476
14507
14519
14525
14552
14586
14587
14599
14619
14634
14642
14645
14651
14678
14680
14696
14704
14706
14712
14718
14720
14733
14738
14765
14778
14781
14794
14802
14804
14805
14808
14819
14823
14839
14885
14893
14898
14899
14902
14912
14960
14988
15000
15002
15024
15025
15040
15043
15058
15083
15096
15106
15115
15132
15135
15141
15147
15149
15152
15155
15156
15186
15192
15193
15195
15197
15205
15209
15218
15222
15275
15281
15287
15294
15307
15310
15329
15331
15346
15369
15371
15391
15396
15398
15404
15442
15447
15480
15495
15502
15520
15521
15523
15531
15539
15545
15572
15581
15601
15617
15630
15643
15650
15654
15676
15678
15690
15693
15708
15715
15732
15739
15762
15766
15775
15785
15788
15807
15813
15843
15863
15866
15890
15893
15910
15912
15922
15945
15951
15970
15980
15997
16016
16028
16036
16038
16043
16056
16077
16078
16089
16093
16103
16124
16129
16152
16157
16159
16161
16172
16187
16191
16211
16216
16219
16227
16253
16261
16288
16293
16315
16326
16342
16354
16355
16357
16377
16381
16394
16396
16409
16437
16455
16457
16471
16473
16478
16490
16502
16504
16512
16515
16519
16520
16529
16548
16554
16574
16596
16600
16611
16613
16619
16628
16633
16638
16643
16644
16647
16667
16668
16677
16706
16708
16721
16722
16723
16731
16810
16813
16830
16833
16839
16873
16876
16903
16916
16926
16936
16937
16952
16953
16959
16973
16975
16979
16986
16996
17012
17053
17060
17089
17094
17095
17112
17122
17146
17151
17155
17160
17164
17173
17174
17189
17194
17204
17208
17217
17219
17224
17232
17240
17243
17247
17265
17267
17274
17277
17279
17283
17286
17315
17317
17322
17331
17334
17335
17340
17364
17381
17382
17397
17404
17408
17452
17456
17464
17469
17472
17483
17488
17490
17504
17514
17540
17552
17554
17559
17561
17574
17600
17604
17610
17627
17634
17650
17651
17657
17682
17710
17724
17750
17751
17752
17756
17761
17762
17768
17780
17804
17809
17810
17824
17836
17840
17848
17851
17852
17866
17875
17877
17897
17904
17907
17908
17917
17922
17923
17932
17937
17949
17955
17958
17961
17969
17995
17999
18007
18017
18027
18031
18045
18046
18052
18054
18091
18115
18116
18132
18146
18173
18174
18175
18176
18185
18194
18198
18205
18218
18220
18236
18248
18255
18263
18275
18280
18303
18312
18317
18330
18341
18342
18358
18359
18361
18373
18393
18394
18407
18418
18419
18423
18428
18433
18435
18448
18453
18481
18489
18492
18499
18515
18521
18543
18546
18548
18554
18561
18568
18578
18593
18604
18607
18610
18611
18614
18619
18620
18626
18631
18640
18647
18664
18674
18689
18691
18715
18724
18725
18735
18748
18751
18753
18754
18778
18818
18821
18822
18827
18851
18871
18875
18882
18893
18894
18895
18915
18918
18923
18928
18929
18930
18934
18935
18948
18950
18951
18979
18984
18989
18993
18995
18997
19016
19018
19020
19037
19057
19058
19067
19071
19077
19081
19108
19127
19136
19141
19160
19171
19204
19213
19217
19229
19233
19269
19272
19276
19283
19301
19304
19308
19312
19318
19324
19325
19327
19332
19333
19341
19359
19366
19372
19377
19379
19382
19394
19399
19407
19417
19425
19454
19458
19463
19481
19498
19535
19538
19542
19548
19575
19588
19592
19601
19605
19617
19635
19639
19653
19657
19663
19666
19672
19687
19700
19702
19718
19719
19720
19730
19737
19739
19765
19794
19802
19806
19812
19827
19847
19858
19875
19896
19914
19924
19941
19950
19954
19959
19964
19986
20024
20030
20034
20054
20070
20079
20088
20090
20104
20112
20116
20119
20142
20150
20151
20158
20162
20164
20184
20185
20195
20208
20209
20213
20231
20237
20241
20242
20257
20267
20273
20301
20318
20322
20335
20338
20343
20373
20381
20384
20387
20409
20415
20434
20436
20437
20440
20442
20448
20456
20457
20459
20499
20511
20525
20542
20545
20592
20599
20603
20607
20640
20651
20673
20674
20676
20690
20692
20693
20698
20705
20707
20716
20726
20732
20740
20742
20763
20779
20790
20793
20798
20808
20816
20818
20825
20827
20836
20838
20858
20861
20870
20872
20879
20901
20907
20912
20914
20921
20927
20933
20944
20963
20970
20973
20983
20994
21004
21008
21026
21038
21039
21047
21078
21091
21108
21116
21121
21126
21132
21137
21138
21155
21163
21180
21185
21205
21228
21230
21245
21257
21269
21272
21282
21294
21303
21305
21308
21317
21332
21349
21351
21358
21366
21377
21385
21412
21419
21423
21432
21436
21479
21485
21490
21495
21504
21516
21542
21544
21558
21562
21564
21570
21574
21582
21587
21588
21608
21613
21615
21617
21619
21632
21638
21647
21656
21668
21674
21686
21687
21694
21702
21711
21736
21746
21751
21761
21776
21789
21811
21812
21820
21859
21863
21874
21876
21881
21889
21893
21896
21906
21909
21919
21924
21926
21930
21931
21936
21941
21944
21951
21959
21976
21987
21998
21999
22012
22048
22061
22068
22091
22093
22102
22117
22143
22155
22177
22186
22192
22196
22197
22204
22205
22220
22224
22228
22229
22240
22250
22273
22276
22277
22291
22296
22307
22312
22334
22336
22350
22363
22381
22393
22398
22400
22404
22422
22430
22458
22472
22477
22486
22491
22493
22499
22500
22522
22528
22530
22537
22561
22567
22570
22581
22582
22597
22608
22634
22646
22651
22652
22655
22667
22713
22727
22755
22759
22760
22761
22779
22790
22812
22821
22827
22852
22857
22859
22870
22872
22893
22910
22917
22937
22954
22963
22964
22995
22998
23009
23014
23027
23032
23033
23034
23043
23047
23062
23081
23094
23112
23113
23114
23117
23118
23140
23142
23145
23149
23154
23156
23157
23176
23190
23210
23220
23221
23225
23230
23236
23255
23258
23266
23268
23286
23297
23300
23305
23309
23313
23314
23353
23358
23362
23379
23385
23410
23416
23445
23446
23449
23454
23457
23461
23476
23480
23483
23487
23492
23501
23513
23521
23543
23550
23551
23588
23596
23601
23604
23615
23622
23627
23631
23632
23635
23636
23638
23647
23648
23651
23657
23659
23666
23674
23698
23718
23728
23774
23775
23785
23820
23821
23823
23828
23831
23840
23868
23871
23877
23899
23902
23906
23919
23920
23934
23935
23940
23952
23953
23958
23972
23992
24026
24037
24047
24048
24049
24051
24052
24053
24058
24060
24061
24073
24080
24094
24110
24157
24184
24198
24202
24206
24210
24215
24226
24242
24250
24257
24263
24264
24267
24272
24276
24277
24279
24286
24292
24322
24323
24325
24331
24332
24335
24347
24353
24382
24389
24391
24398
24401
24416
24419
24443
24464
24478
24480
24499
24504
24508
24510
24518
24528
24534
24538
24539
24575
24578
24581
24615
24623
24636
24649
24689
24690
24696
24706
24708
24728
24731
24741
24762
24768
24788
24791
24793
24806
24808
24816
24822
24832
24840
24851
24852
24855
24856
24860
24863
24868
24880
24881
24890
24893
24921
24946
24951
24958
24966
24976
24980
24989
24990
24993
24997
25000
25005
25011
25013
25024
25031
25038
25048
25050
25062
25071
25083
25086
25112
25121
25132
25138
25157
25161
25167
25173
25174
25187
25233
25246
25249
25261
25264
25268
25285
25287
25289
25291
25298
25308
25363
25370
25392
25397
25398
25412
25421
25425
25450
25457
25469
25489
25498
25512
25520
25524
25548
25559
25560
25562
25595
25603
25629
25631
25638
25641
25642
25651
25655
25672
25679
25700
25703
25714
25718
25720
25729
25734
25739
25748
25751
25755
25774
25775
25776
25782
25799
25812
25821
25831
25843
25845
25853
25864
25870
25874
25877
25905
25908
25933
25941
25946
25957
25981
25986
26001
26003
26016
26019
26038
26039
26048
26062
26064
26075
26086
26087
26090
26106
26117
26123
26130
26137
26152
26156
26157
26159
26162
26175
26194
26210
26211
26234
26243
26265
26282
26287
26296
26300
26302
26314
26324
26331
26349
26351
26357
26362
26400
26402
26403
26404
26409
26417
26427
26475
26484
26488
26500
26501
26549
26556
26604
26606
26607
26621
26628
26648
26663
26672
26673
26682
26686
26701
26716
26726
26758
26773
26785
26789
26812
26834
26837
26846
26847
26848
26868
26875
26899
26901
26905
26914
26928
26935
26937
26956
26957
26977
26987
26994
26995
26996
27011
27013
27039
27047
27052
27058
27072
27083
27099
27112
27115
27118
27120
27147
27169
27173
27202
27205
27208
27213
27216
27219
27224
27227
27247
27254
27263
27268
27280
27291
27312
27324
27325
27326
27365
27370
27399
27402
27404
27420
27427
27447
27451
27458
27460
27464
27473
27475
27493
27511
27512
27522
27526
27533
27545
27546
27560
27582
27597
27598
27603
27607
27609
27614
27617
27618
27620
27626
27636
27645
27651
27654
27679
27682
27685
27734
27737
27752
27783
27790
27805
27809
27819
27823
27826
27838
27841
27844
27857
27860
27866
27867
27882
27898
27941
27942
27958
27959
27967
27970
28008
28014
28037
28047
28049
28051
28056
28059
28081
28102
28107
28122
28125
28127
28136
28148
28150
28166
28202
28208
28231
28234
28242
28249
28261
28268
28277
28283
28287
28294
28330
28333
28339
28343
28349
28352
28360
28376
28379
28405
28409
28410
28414
28428
28431
28440
28445
28450
28465
28476
28485
28486
28500
28504
28508
28509
28511
28518
28527
28539
28540
28543
28546
28551
28580
28588
28600
28611
28616
28626
28631
28633
28642
28644
28648
28650
28662
28679
28688
28695
28699
28701
28708
28712
28716
28722
28729
28738
28740
28741
28750
28761
28765
28778
28790
28792
28817
28820
28829
28833
28834
28837
28843
28846
28893
28907
28908
28911
28912
28950
28952
28957
28965
28972
28976
28978
28982
29007
29017
29031
29032
29039
29047
29068
29085
29086
29092
29109
29133
29144
29162
29166
29181
29187
29203
29211
29217
29220
29221
29268
29282
29288
29336
29345
29346
29348
29349
29354
29395
29400
29441
29443
29447
29457
29463
29469
29471
29474
29481
29493
29504
29506
29525
29532
29536
29546
29553
29571
29572
29574
29575
29576
29597
29600
29617
29622
29632
29637
29639
29703
29709
29710
29728
29731
29732
29733
29736
29753
29761
29762
29763
29769
29783
29788
29796
29815
29817
29828
29831
29844
29850
29875
29876
29879
29920
29921
29923
29932
29940
29964
29974
29978
30003
30008
30017
30018
30020
30021
30050
30061
30066
30068
30075
30076
30079
30081
30082
30084
30089
30104
30105
30122
30124
30127
30130
30132
30135
30153
30175
30176
30194
30201
30206
30212
30214
30217
30224
30226
30227
30247
30251
30274
30300
30311
30328
30345
30351
30363
30379
30382
30399
30409
30414
30419
30425
30455
30463
30477
30529
30550
30591
30611
30633
30646
30664
30666
30669
30675
30676
30687
30689
30707
30711
30716
30726
30727
30787
30790
30804
30808
30829
30830
30835
30838
30851
30852
30874
30878
30890
30909
30916
30921
30937
30948
30951
30966
30979
30981
30988
30998
31002
31024
31039
31042
31046
31048
31059
31062
31069
31076
31077
31082
31104
31107
31113
31116
31121
31122
31124
31126
31133
31156
31157
31166
31170
31181
31191
31195
31200
31203
31208
31211
31226
31232
31233
31239
31255
31263
31270
31294
31299
31302
31335
31341
31353
31373
31397
31399
31428
31431
31433
31440
31457
31459
31496
31508
31532
31545
31556
31581
31584
31600
31610
31613
31642
31644
31646
31652
31654
31657
31663
31664
31672
31690
31714
31719
31722
31731
31735
31748
31749
31774
31807
31817
31818
31829
31832
31833
31854
31877
31884
31885
31886
31888
31892
31914
31947
31950
31952
31955
31972
32002
32005
32006
32009
32020
32039
32042
32046
32055
32057
32080
32081
32099
32116
32124
32140
32146
32170
32175
32182
32186
32197
32213
32215
32236
32250
32279
32290
32291
32298
32305
32326
32337
32339
32378
32399
32409
32420
32421
32455
32464
32465
32476
32482
32513
32516
32521
32525
32552
32560
32592
32605
32632
32635
32640
32657
32662
32663
32667
32697
32705
32708
32721
32728
32731
32735
32745
32748
32760
32765
32771
32779
32794
32796
32799
32801
32803
32815
32845
32848
32861
32869
32870
32871
32892
32893
32916
32917
32920
32925
32927
32932
32948
32953
32978
32992
33000
33005
33006
33008
33060
33062
33069
33071
33104
33106
33108
33113
33116
33165
33193
33195
33196
33201
33211
33215
33219
33235
33238
33241
33251
33283
33285
33287
33294
33322
33328
33332
33334
33339
33386
33388
33416
33428
33432
33437
33443
33444
33445
33446
33450
33451
33457
33458
33468
33490
33518
33525
33530
33548
33549
33569
33601
33605
33615
33616
33619
33633
33676
33683
33704
33713
33745
33765
33806
33813
33828
33829
33830
33870
33887
33892
33901
33907
33908
33915
33917
33920
33956
33976
33988
33989
33993
33996
34001
34004
34028
34042
34043
34048
34057
34073
34098
34105
34113
34133
34136
34146
34166
34172
34185
34207
34220
34229
34236
34252
34262
34275
34312
34316
34327
34329
34331
34337
34354
34366
34368
34377
34380
34398
34402
34405
34411
34415
34439
34442
34443
34444
34447
34451
34456
34461
34475
34478
34484
34492
34505
34528
34544
34563
34592
34597
34604
34650
34660
34680
34697
34700
34705
34713
34723
34725
34728
34731
34732
34743
34766
34771
34774
34775
34778
34813
34819
34828
34844
34879
34888
34890
34892
34914
34928
34948
34974
34981
34991
34992
35000
35002
35004
35006
35014
35018
35024
35025
35057
35070
35079
35082
35094
35098
35107
35119
35126
35132
35146
35148
35152
35183
35187
35206
35208
35231
35235
35241
35262
35276
35286
35294
35299
35302
35304
35344
35357
35359
35364
35370
35375
35391
35396
35398
35432
35436
35439
35452
35456
35468
35473
35491
35500
35503
35504
35512
35514
35523
35531
35543
35549
35566
35569
35572
35578
35599
35612
35643
35655
35660
35661
35676
35680
35696
35710
35713
35744
35748
35749
35753
35766
35772
35792
35803
35817
35841
35842
35845
35858
35870
35875
35885
35900
35901
35908
35937
35940
35951
35957
35961
35968
36000
36032
36043
36060
36064
36077
36086
36087
36098
36100
36106
36112
36120
36130
36143
36153
36158
36161
36167
36185
36187
36192
36193
36200
36206
36210
36211
36231
36251
36252
36266
36274
36282
36283
36291
36309
36329
36334
36349
36353
36411
36413
36414
36417
36436
36448
36451
36459
36483
36507
36520
36523
36531
36546
36559
36563
36571
36584
36602
36617
36623
36634
36647
36660
36672
36673
36674
36697
36703
36706
36716
36728
36739
36743
36752
36756
36761
36766
36788
36791
36797
36827
36842
36849
36862
36873
36892
36896
36948
36950
36967
36990
36998
37004
37013
37020
37024
37032
37033
37038
37058
37062
37072
37075
37077
37079
37115
37127
37144
37162
37163
37186
37216
37219
37250
37261
37264
37266
37276
37280
37281
37290
37294
37295
37300
37339
37361
37385
37388
37391
37395
37400
37406
37421
37426
37433
37436
37449
37451
37454
37455
37458
37461
37474
37480
37487
37496
37501
37504
37530
37543
37557
37558
37563
37567
37576
37578
37587
37605
37606
37607
37614
37616
37621
37623
37628
37630
37677
37678
37685
37692
37695
37700
37701
37703
37721
37730
37749
37750
37755
37773
37781
37783
37799
37810
37817
37855
37861
37872
37896
37907
37910
37911
37913
37917
37922
37924
37930
37933
37941
37951
37960
37970
37984
37996
38000
38006
38008
38014
38019
38027
38033
38034
38044
38047
38052
38053
38059
38060
38066
38069
38082
38084
38085
38098
38101
38106
38140
38146
38147
38151
38160
38161
38165
38175
38178
38179
38188
38190
38201
38218
38219
38220
38224
38227
38237
38257
38267
38273
38282
38283
38300
38329
38334
38336
38338
38340
38350
38355
38358
38359
38375
38380
38392
38396
38402
38403
38411
38423
38434
38445
38448
38456
38457
38464
38471
38473
38478
38491
38493
38501
38514
38525
38565
38573
38575
38577
38579
38599
38607
38625
38661
38665
38679
38691
38705
38716
38718
38739
38747
38750
38761
38771
38780
38784
38785
38788
38808
38828
38836
38843
38845
38859
38869
38877
38905
38906
38917
38918
38919
38932
38945
38946
38975
38978
39029
39040
39041
39052
39057
39061
39074
39085
39127
39131
39148
39153
39162
39168
39173
39174
39213
39215
39218
39235
39247
39257
39284
39286
39376
39384
39408
39412
39443
39452
39458
39462
39476
39484
39487
39509
39512
39522
39533
39534
39560
39561
39575
39579
39580
39606
39632
39634
39639
39642
39643
39668
39697
39699
39712
39724
39728
39732
39733
39734
39743
39747
39750
39764
39767
39773
39774
39797
39806
39815
39819
39823
39832
39838
39845
39847
39885
39909
39910
39933
39939
39946
39960
39975
40011
40017
40030
40038
40045
40046
40048
40055
40056
40069
40070
40075
40079
40080
40086
40087
40093
40102
40126
40131
40154
40165
40169
40179
40188
40198
40199
40257
40264
40274
40295
40307
40310
40335
40339
40340
40356
40386
40392
40408
40410
40413
40414
40442
40443
40449
40453
40461
40474
40482
40488
40491
40508
40513
40521
40545
40550
40551
40557
40568
40571
40578
40581
40584
40588
40604
40609
40644
40648
40650
40651
40652
40655
40659
40660
40693
40705
40707
40717
40746
40765
40786
40787
40805
40838
40846
40853
40865
40867
40878
40893
40895
40897
40906
40915
40919
40926
40935
40967
40968
40973
40990
41003
41022
41054
41076
41084
41098
41107
41119
41128
41155
41156
41183
41192
41197
41201
41205
41209
41235
41283
41293
41319
41321
41360
41369
41380
41381
41390
41391
41400
41410
41419
41436
41440
41444
41475
41490
41512
41513
41517
41525
41536
41539
41542
41549
41561
41582
41587
41590
41595
41596
41600
41606
41620
41623
41635
41645
41647
41648
41655
41679
41710
41712
41720
41734
41738
41740
41741
41750
41751
41766
41770
41772
41782
41785
41786
41795
41800
41802
41810
41823
41828
41840
41893
41918
41919
41932
41941
41956
41962
41966
41971
41988
41997
42012
42019
42023
42028
42032
42060
42062
42072
42075
42076
42077
42078
42099
42100
42118
42120
42131
42133
42142
42143
42145
42160
42162
42163
42164
42170
42184
42187
42195
42201
42202
42203
42206
42211
42215
42229
42286
42299
42312
42314
42360
42361
42374
42379
42386
42408
42418
42424
42438
42450
42474
42480
42484
42487
42508
42534
42552
42556
42573
42576
42590
42607
42616
42618
42625
42629
42636
42641
42663
42668
42672
42673
42692
42696
42723
42724
42726
42727
42733
42752
42758
42764
42780
42783
42786
42789
42796
42798
42804
42806
42809
42817
42823
42825
42854
42875
42892
42894
42911
42920
42938
42942
42945
42949
42967
42968
42971
42977
42984
42985
42987
42994
43002
43003
43009
43011
43021
43033
43049
43050
43054
43060
43096
43111
43113
43121
43133
43136
43137
43148
43157
43161
43165
43207
43221
43226
43228
43239
43243
43246
43250
43271
43274
43288
43289
43301
43315
43344
43348
43352
43366
43368
43375
43388
43408
43422
43426
43431
43436
43437
43438
43451
43454
43466
43469
43483
43487
43507
43517
43518
43521
43535
43553
43558
43581
43583
43584
43601
43610
43642
43647
43662
43664
43668
43686
43703
43708
43718
43736
43737
43762
43765
43800
43804
43810
43820
43823
43834
43856
43859
43861
43865
43867
43905
43913
43921
43922
43931
43937
43942
43964
44002
44009
44010
44013
44024
44060
44066
44067
44073
44086
44095
44098
44100
44119
44139
44140
44152
44154
44157
44176
44212
44239
44263
44264
44265
44285
44296
44297
44321
44322
44328
44338
44341
44359
44396
44398
44412
44426
44428
44454
44465
44467
44496
44498
44514
44522
44558
44566
44569
44570
44575
44630
44644
44664
44674
44694
44704
44715
44719
44750
44770
44772
44781
44790
44801
44820
44832
44859
44921
44936
44950
44958
44992
44997
45000
45016
45018
45055
45062
45091
45093
45117
45118
45129
45130
45133
45168
45169
45174
45181
45198
45214
45216
45218
45220
45238
45251
45269
45276
45289
45301
45314
45316
45324
45325
45336
45343
45344
45362
45364
45374
45382
45395
45413
45418
45419
45424
45427
45442
45455
45461
45464
45480
45485
45492
45493
45496
45497
45500
45510
45511
45513
45517
45519
45521
45523
45525
45531
45538
45540
45541
45543
45550
45558
45574
45581
45599
45602
45617
45640
45643
45654
45669
45671
45674
45677
45688
45690
45692
45696
45714
45726
45733
45739
45740
45746
45747
45750
45753
45788
45789
45790
45800
45832
45849
45853
45873
45878
45885
45888
45917
45919
45921
45931
45944
45952
45956
45957
45965
45995
45996
46004
46029
46031
46043
46052
46054
46060
46078
46079
46081
46084
46087
46088
46091
46093
46100
46110
46131
46141
46166
46180
46184
46207
46237
46244
46256
46258
46277
46279
46302
46310
46317
46321
46343
46345
46351
46353
46356
46363
46372
46410
46421
46428
46440
46453
46456
46457
46460
46465
46470
46493
46494
46499
46508
46521
46522
46529
46541
46559
46570
46574
46583
46588
46615
46621
46656
46662
46672
46678
46700
46702
46724
46725
46747
46772
46775
46779
46785
46799
46807
46808
46828
46842
46847
46849
46853
46854
46867
46883
46887
46896
46902
46938
46943
46949
46954
46963
46965
46973
46974
46980
46981
46992
47020
47021
47023
47025
47040
47047
47063
47068
47075
47085
47095
47111
47118
47130
47132
47151
47164
47233
47257
47261
47264
47312
47320
47334
47337
47349
47382
47397
47413
47421
47439
47462
47467
47478
47479
47482
47484
47503
47506
47508
47527
47530
47534
47537
47547
47581
47595
47616
47620
47634
47655
47658
47672
47702
47735
47750
47751
47773
47782
47787
47790
47803
47824
47837
47839
47843
47847
47850
47857
47868
47871
47872
47873
47882
47895
47904
47910
47912
47917
47918
47923
47938
47946
47951
47963
47971
47980
47988
47995
48005
48015
48021
48023
48040
48048
48061
48066
48075
48079
48085
48095
48100
48125
48126
48151
48153
48157
48167
48185
48187
48203
48224
48240
48244
48250
48253
48258
48265
48269
48293
48298
48300
48301
48304
48312
48319
48336
48354
48358
48361
48362
48378
48384
48385
48391
48403
48405
48419
48420
48449
48458
48459
48481
48483
48489
48508
48516
48525
48527
48529
48545
48577
48579
48598
48602
48607
48646
48651
48662
48692
48695
48714
48724
48739
48741
48750
48752
48764
48767
48779
48781
48808
48810
48811
48819
48821
48822
48848
48850
48861
48862
48886
48890
48895
48905
48919
48930
48931
48932
48941
48942
48946
48968
48984
49013
49014
49018
49020
49023
49033
49041
49044
49045
49049
49057
49064
49066
49088
49120
49140
49145
49154
49160
49162
49171
49173
49190
49194
49196
49197
49211
49217
49242
49254
49270
49276
49282
49289
49306
49318
49330
49332
49380
49394
49395
49396
49422
49431
49432
49437
49442
49445
49466
49468
49492
49533
49534
49562
49563
49575
49581
49595
49598
49606
49620
49625
49630
49634
49636
49642
49660
49662
49664
49701
49703
49719
49727
49739
49813
49814
49820
49837
49853
49863
49879
49904
49905
49906
49910
49916
49922
49924
49943
49951
49958
49967
49969
49981
50003
50022
50025
50031
50032
50040
50045
50047
50050
50051
50052
50053
50076
50084
50090
50110
50114
50124
50129
50130
50131
50140
50142
50147
50148
50155
50157
50172
50212
50226
50230
50254
50263
50286
50287
50293
50298
50309
50326
50330
50338
50339
50343
50356
50371
50378
50391
50399
50402
50434
50453
50456
50460
50488
50503
50504
50510
50514
50515
50522
50526
50527
50528
50531
50533
50536
50537
50547
50569
50582
50583
50594
50599
50613
50626
50628
50636
50639
50650
50654
50671
50673
50679
50684
50694
50699
50702
50707
50719
50739
50751
50762
50767
50790
50830
50843
50844
50856
50857
50872
50884
50893
50917
50923
50937
50959
50963
50981
50985
51000
51001
51006
51011
51017
51022
51032
51058
51077
51083
51097
51099
51113
51125
51149
51158
51168
51169
51191
51199
51200
51205
51233
51255
51264
51265
51267
51276
51277
51284
51294
51298
51300
51312
51313
51315
51319
51322
51330
51331
51341
51352
51366
51367
51386
51392
51414
51424
51450
51460
51481
51513
51517
51518
51527
51543
51546
51557
51569
51579
51580
51582
51589
51601
51611
51617
51626
51627
51637
51638
51640
51649
51655
51682
51683
51700
51731
51735
51737
51738
51739
51748
51759
51761
51793
51798
51807
51810
51814
51818
51842
51855
51857
51858
51862
51905
51911
51918
51925
51927
51946
51965
51971
52000
52003
52006
52013
52015
52021
52024
52026
52033
52045
52049
52055
52057
52060
52067
52071
52080
52083
52086
52099
52107
52116
52121
52122
52125
52156
52158
52166
52172
52194
52199
52201
52202
52222
52234
52246
52256
52265
52267
52270
52273
52278
52327
52344
52349
52351
52353
52355
52385
52390
52436
52441
52457
52483
52489
52496
52507
52519
52521
52532
52535
52557
52562
52593
52598
52623
52630
52643
52649
52676
52681
52692
52694
52716
52733
52745
52750
52759
52767
52772
52786
52809
52826
52830
52842
52876
52912
52926
52928
52929
52933
52939
52948
52956
52965
52988
52991
52992
52996
53003
53012
53013
53028
53031
53038
53076
53082
53089
53090
53091
53105
53118
53131
53148
53173
53191
53194
53198
53207
53221
53238
53254
53268
53301
53305
53311
53314
53318
53332
53338
53359
53360
53366
53377
53387
53393
53398
53400
53405
53413
53429
53437
53440
53468
53476
53486
53495
53513
53540
53543
53569
53575
53577
53590
53619
53638
53667
53682
53684
53692
53702
53711
53713
53722
53724
53728
53736
53748
53759
53761
53769
53774
53777
53778
53813
53826
53828
53835
53840
53844
53851
53853
53869
53889
53892
53897
53901
53916
53918
53919
53922
53937
53944
53948
53970
53977
53981
53983
53986
54000
54004
54006
54007
54022
54023
54038
54039
54067
54084
54087
54096
54099
54100
54140
54145
54150
54176
54188
54196
54212
54224
54240
54243
54244
54256
54263
54264
54278
54297
54310
54315
54316
54329
54336
54340
54344
54346
54352
54364
54380
54386
54387
54399
54416
54428
54431
54432
54460
54466
54483
54488
54526
54529
54539
54541
54545
54547
54557
54580
54582
54596
54624
54629
54630
54635
54640
54651
54655
54656
54668
54688
54690
54713
54727
54737
54744
54749
54771
54797
54800
54821
54825
54834
54842
54844
54883
54895
54912
54932
54934
54956
54961
54963
54964
54966
54969
54984
55003
55018
55021
55023
55032
55034
55058
55060
55061
55065
55069
55072
55081
55087
55097
55103
55122
55152
55155
55162
55171
55172
55175
55178
55189
55193
55194
55209
55225
55232
55250
55252
55260
55261
55275
55281
55283
55294
55300
55303
55305
55309
55321
55323
55336
55345
55411
55412
55418
55419
55425
55440
55441
55446
55448
55450
55451
55477
55479
55499
55535
55557
55559
55562
55566
55594
55595
55617
55624
55639
55650
55659
55662
55665
55688
55698
55713
55714
55739
55748
55752
55767
55778
55781
55792
55805
55809
55810
55817
55818
55836
55839
55843
55849
55863
55869
55873
55877
55893
55920
55926
55931
55944
55945
55968
55993
55995
55998
56017
56028
56033
56039
56042
56049
56051
56053
56077
56084
56100
56105
56130
56132
56133
56164
56170
56175
56177
56179
56189
56194
56199
56209
56212
56219
56234
56243
56260
56261
56270
56279
56286
56289
56293
56309
56318
56339
56368
56369
56373
56376
56380
56383
56386
56394
56398
56408
56419
56430
56459
56495
56500
56519
56526
56565
56567
56571
56584
56606
56608
56609
56615
56616
56625
56628
56629
56649
56659
56661
56664
56665
56671
56691
56706
56726
56730
56752
56755
56757
56761
56766
56783
56788
56791
56800
56806
56810
56817
56837
56844
56845
56859
56864
56867
56869
56875
56893
56896
56911
56912
56920
56934
56938
56946
56947
57033
57037
57046
57050
57052
57055
57057
57062
57063
57083
57090
57091
57095
57106
57108
57111
57113
57119
57122
57143
57151
57159
57162
57168
57188
57194
57214
57240
57245
57253
57259
57271
57283
57306
57307
57308
57317
57318
57324
57327
57342
57343
57361
57367
57368
57378
57381
57383
57391
57395
57402
57405
57408
57413
57416
57417
57418
57424
57428
57430
57443
57445
57455
57474
57481
57491
57497
57507
57519
57538
57551
57559
57567
57568
57573
57578
57596
57609
57614
57624
57625
57632
57664
57666
57675
57683
57693
57699
57703
57706
57707
57709
57732
57736
57752
57760
57762
57776
57791
57796
57819
57825
57834
57839
57852
57856
57866
57890
57899
57909
57921
57922
57934
57938
57939
57940
57943
57960
57967
57989
58000
58015
58027
58030
58032
58041
58068
58072
58073
58074
58096
58099
58113
58132
58158
58165
58178
58184
58201
58208
58209
58217
58231
58235
58237
58304
58311
58319
58340
58347
58350
58356
58377
58390
58418
58422
58437
58454
58455
58463
58481
58488
58501
58541
58555
58587
58600
58606
58613
58623
58627
58637
58649
58654
58659
58687
58688
58689
58725
58727
58732
58737
58751
58761
58765
58785
58791
58795
58800
58810
58811
58823
58830
58834
58835
58843
58860
58873
58907
58931
58934
58936
58939
58961
58964
58971
58994
58998
59011
59012
59016
59079
59087
59125
59134
59150
59164
59175
59182
59188
59221
59222
59228
59231
59240
59254
59259
59262
59289
59295
59296
59297
59311
59316
59320
59322
59331
59336
59337
59358
59367
59426
59449
59453
59477
59483
59487
59495
59506
59512
59519
59521
59522
59533
59552
59554
59558
59573
59576
59581
59591
59595
59596
59598
59604
59612
59622
59625
59626
59629
59658
59664
59710
59716
59724
59731
59744
59756
59761
59765
59783
59789
59799
59803
59807
59810
59811
59813
59815
59825
59834
59838
59841
59843
59850
59862
59867
59877
59881
59906
59911
59917
59918
59922
59923
59924
59929
59930
59934
59940
59944
59965
59971
59984
59991
59994
60003
60019
60034
60041
60045
60058
60064
60071
60080
60097
60132
60139
60147
60215
60221
60253
60256
60263
60267
60270
60281
60289
60295
60309
60316
60351
60371
60383
60385
60392
60394
60397
60402
60410
60422
60440
60446
60462
60469
60471
60481
60484
60496
60505
60523
60531
60552
60556
60589
60592
60594
60599
60621
60632
60659
60665
60666
60668
60674
60689
60705
60721
60732
60746
60757
60758
60768
60770
60771
60779
60799
60841
60844
60845
60857
60858
60861
60876
60885
60891
60892
60909
60925
60928
60953
60958
60962
60963
60965
60976
60982
60991
60992
60994
61003
61030
61033
61035
61090
61105
61122
61125
61133
61143
61149
61159
61166
61177
61178
61208
61215
61221
61222
61226
61227
61234
61273
61274
61289
61326
61328
61335
61349
61353
61368
61370
61379
61384
61408
61433
61436
61437
61444
61452
61454
61463
61469
61478
61481
61482
61511
61526
61528
61529
61531
61551
61557
61602
61613
61624
61635
61650
61652
61656
61660
61676
61694
61696
61735
61747
61749
61783
61784
61785
61836
61844
61856
61869
61889
61896
61912
61948
61961
61980
61981
62007
62018
62021
62034
62057
62066
62076
62083
62091
62098
62104
62110
62126
62140
62143
62164
62171
62193
62197
62224
62242
62254
62265
62267
62276
62283
62287
62292
62295
62298
62303
62305
62307
62313
62337
62346
62355
62357
62366
62386
62396
62398
62403
62408
62410
62412
62445
62451
62467
62470
62471
62499
62519
62523
62531
62549
62555
62570
62571
62584
62594
62600
62608
62635
62648
62653
62665
62670
62673
62686
62693
62701
62724
62728
62734
62752
62759
62766
62770
62771
62772
62777
62781
62782
62790
62803
62820
62824
62828
62842
62846
62853
62862
62870
62897
62904
62915
62919
62927
62935
62943
62963
62964
62973
62985
62990
62995
63000
63008
63043
63044
63055
63062
63073
63099
63111
63131
63146
63147
63148
63157
63159
63165
63171
63173
63181
63188
63192
63195
63201
63212
63220
63229
63232
63246
63249
63253
63262
63266
63271
63279
63290
63305
63313
63316
63325
63341
63352
63358
63360
63369
63380
63381
63383
63388
63402
63418
63422
63423
63427
63430
63453
63457
63458
63473
63491
63495
63496
63515
63541
63549
63561
63571
63582
63589
63599
63601
63605
63612
63621
63625
63631
63640
63643
63644
63714
63777
63795
63797
63801
63819
63825
63827
63843
63845
63847
63858
63886
63896
63897
63898
63905
63920
63921
63928
63938
63956
63961
63962
63973
63976
63982
63991
63998
64011
64015
64016
64020
64050
64056
64057
64064
64080
64081
64098
64103
64105
64116
64128
64131
64138
64141
64152
64160
64171
64174
64177
64180
64188
64190
64210
64212
64232
64250
64280
64281
64286
64317
64320
64325
64337
64340
64347
64350
64357
64359
64363
64374
64379
64392
64403
64406
64415
64450
64451
64466
64469
64472
64479
64487
64497
64499
64506
64507
64512
64523
64530
64531
64535
64540
64545
64581
64587
64593
64598
64626
64654
64675
64701
64734
64745
64756
64763
64791
64796
64808
64814
64821
64828
64836
64841
64864
64869
64871
64888
64897
64900
64911
64915
64920
64926
64929
64939
64949
64959
64963
64969
64997
65002
65013
65015
65017
65033
65049
65089
65103
65114
65117
65124
65129
65141
65150
65167
65170
65174
65177
65199
65206
65212
65224
65228
65236
65251
65275
65277
65285
65297
65299
65322
65340
65350
65360
65367
65368
65379
65393
65401
65420
65427
65438
65444
65446
65447
65451
65465
65477
65480
65490
65496
65507
65513
65522
65524
65537
65556
65579
65581
65584
65587
65620
65621
65630
65633
65639
65642
65643
65656
65673
65679
65691
65695
65703
65709
65733
65746
65774
65775
65792
65794
65795
65800
65801
65803
65805
65813
65828
65836
65851
65854
65859
65861
65883
65885
65894
65909
65911
65913
65914
65915
65916
65917
65940
65945
65977
65982
65986
65992
65993
65996
66002
66022
66031
66037
66048
66051
66068
66082
66085
66096
66099
66111
66118
66120
66127
66162
66163
66164
66168
66170
66182
66184
66195
66200
66203
66217
66222
66244
66265
66269
66289
66293
66296
66302
66310
66316
66328
66358
66367
66368
66378
66400
66429
66435
66443
66465
66489
66496
66497
66499
66508
66513
66527
66581
66604
66616
66625
66643
66649
66659
66685
66704
66730
66748
66753
66755
66768
66779
66811
66817
66819
66823
66835
66841
66850
66853
66882
66883
66886
66887
66893
66904
66918
66928
66933
66935
66938
66941
66953
66958
66966
66969
66970
66972
66986
66996
66999
67015
67017
67020
67029
67031
67037
67057
67080
67083
67100
67106
67120
67121
67122
67139
67142
67146
67150
67174
67176
67182
67186
67189
67198
67201
67208
67211
67232
67241
67244
67245
67263
67286
67299
67300
67311
67316
67328
67329
67337
67360
67363
67370
67373
67385
67393
67394
67397
67416
67417
67423
67440
67448
67455
67467
67483
67485
67493
67501
67521
67525
67545
67554
67560
67575
67580
67611
67614
67615
67620
67625
67626
67644
67645
67649
67651
67653
67659
67668
67676
67695
67707
67718
67720
67721
67736
67738
67741
67766
67767
67768
67769
67779
67797
67801
67802
67804
67808
67812
67818
67827
67828
67831
67840
67841
67844
67858
67864
67865
67877
67878
67887
67901
67905
67911
67938
67947
67952
67954
67956
67986
68007
68015
68018
68019
68022
68023
68026
68035
68042
68056
68143
68149
68167
68175
68194
68213
68226
68237
68245
68251
68256
68259
68279
68326
68330
68345
68352
68364
68389
68405
68408
68424
68429
68450
68455
68483
68502
68508
68514
68517
68523
68532
68560
68568
68576
68596
68608
68613
68635
68643
68660
68671
68679
68682
68712
68717
68719
68722
68723
68733
68759
68768
68771
68794
68806
68847
68860
68863
68869
68896
68910
68915
68928
68940
68945
68953
68957
68969
68983
68987
69027
69053
69066
69075
69077
69081
69092
69109
69111
69120
69130
69156
69176
69183
69208
69211
69256
69277
69278
69283
69284
69297
69305
69307
69329
69331
69335
69345
69351
69356
69359
69360
69409
69436
69441
69445
69450
69456
69471
69483
69496
69502
69503
69528
69529
69535
69542
69545
69549
69563
69570
69581
69591
69597
69616
69617
69619
69622
69623
69632
69641
69649
69664
69665
69667
69670
69688
69698
69707
69716
69720
69727
69754
69757
69759
69760
69761
69780
69785
69790
69797
69820
69862
69871
69881
69901
69903
69909
69915
69932
69933
69938
69949
69971
70010
70011
70012
70015
70026
70036
70047
70049
70060
70063
70069
70074
70077
70084
70092
70099
70100
70104
70110
70112
70126
70134
70154
70155
70172
70185
70196
70197
70205
70206
70208
70210
70221
70227
70240
70243
70255
70281
70284
70289
70290
70302
70303
70315
70319
70337
70338
70340
70353
70361
70362
70363
70370
70377
70385
70392
70404
70407
70411
70424
70440
70459
70466
70469
70471
70509
70523
70526
70540
70546
70551
70554
70557
70560
70582
70586
70595
70602
70608
70624
70627
70634
70648
70654
70661
70665
70674
70691
70695
70724
70732
70734
70741
70743
70744
70749
70750
70785
70787
70796
70803
70835
70860
70871
70872
70891
70898
70914
70935
70944
70949
70950
70955
70989
70992
70998
71008
71012
71025
71030
71045
71048
71058
71059
71070
71074
71087
71093
71095
71099
71101
71108
71119
71130
71144
71159
71168
71172
71190
71196
71203
71205
71231
71239
71249
71260
71263
71287
71302
71305
71322
71334
71335
71336
71348
71354
71362
71371
71372
71381
71431
71435
71442
71448
71450
71455
71506
71512
71525
71531
71532
71547
71549
71551
71567
71597
71601
71626
71654
71675
71712
71713
71726
71734
71753
71757
71758
71762
71764
71765
71766
71774
71780
71795
71805
71807
71813
71824
71825
71827
71870
71885
71887
71940
71955
71968
71973
71996
72025
72045
72062
72069
72073
72082
72105
72118
72129
72131
72136
72144
72147
72148
72167
72170
72177
72191
72208
72209
72223
72230
72233
72256
72263
72302
72307
72318
72324
72347
72370
72380
72384
72403
72406
72416
72419
72422
72423
72427
72457
72487
72490
72494
72498
72499
72506
72519
72534
72535
72536
72537
72541
72549
72556
72561
72562
72567
72584
72592
72599
72601
72603
72619
72634
72643
72651
72653
72655
72662
72665
72692
72699
72703
72711
72717
72769
72780
72808
72827
72828
72833
72842
72845
72872
72874
72878
72882
72888
72889
72899
72921
72927
72938
72953
72970
72980
72982
72988
72990
72996
73008
73016
73021
73036
73057
73064
73069
73077
73089
73100
73106
73112
73118
73147
73157
73161
73169
73171
73223
73231
73252
73264
73267
73278
73285
73304
73329
73333
73337
73338
73339
73340
73345
73359
73362
73366
73378
73384
73386
73397
73398
73403
73408
73425
73431
73442
73446
73454
73455
73468
73490
73504
73524
73527
73532
73536
73538
73541
73542
73545
73553
73562
73567
73578
73585
73587
73589
73593
73607
73608
73610
73614
73620
73621
73625
73626
73632
73634
73644
73660
73678
73684
73685
73708
73713
73718
73740
73742
73745
73754
73758
73762
73774
73779
73796
73804
73828
73843
73845
73846
73849
73871
73874
73896
73900
73918
73920
73921
73933
73934
73955
73962
73970
73987
73991
74003
74004
74005
74014
74030
74041
74053
74057
74058
74061
74066
74072
74081
74086
74096
74098
74113
74117
74137
74139
74145
74159
74165
74175
74176
74182
74194
74201
74216
74217
74237
74259
74260
74281
74289
74292
74298
74299
74309
74322
74337
74340
74347
74378
74384
74400
74405
74407
74409
74410
74428
74437
74464
74490
74492
74503
74529
74531
74540
74553
74571
74572
74574
74595
74603
74604
74617
74622
74630
74632
74637
74649
74670
74675
74678
74679
74685
74701
74708
74723
74737
74740
74743
74748
74764
74771
74772
74779
74787
74807
74814
74826
74830
74843
74851
74865
74892
74895
74896
74899
74904
74906
74917
74922
74941
74943
74951
74955
74956
74959
74978
74980
75004
75006
75012
75015
75028
75032
75038
75059
75075
75081
75088
75104
75106
75115
75137
75138
75141
75160
75170
75171
75179
75205
75223
75224
75225
75228
75235
75236
75267
75279
75282
75284
75298
75303
75306
75330
75346
75359
75363
75369
75373
75379
75380
75383
75390
75394
75398
75399
75409
75417
75420
75424
75432
75442
75443
75457
75474
75493
75513
75517
75545
75548
75552
75586
75597
75606
75608
75634
75640
75644
75674
75680
75687
75717
75719
75732
75734
75736
75738
75747
75749
75755
75765
75776
75780
75786
75787
75805
75823
75829
75848
75852
75861
75863
75867
75873
75909
75912
75925
75938
75939
75951
75997
76006
76019
76021
76032
76036
76059
76062
76076
76078
76088
76106
76107
76109
76112
76135
76143
76144
76148
76150
76167
76172
76175
76190
76201
76207
76209
76230
76233
76239
76247
76265
76268
76275
76291
76300
76304
76314
76327
76349
76391
76397
76401
76403
76406
76414
76421
76430
76439
76443
76468
76507
76509
76539
76546
76548
76550
76573
76593
76602
76608
76617
76625
76626
76630
76642
76664
76669
76678
76704
76713
76718
76755
76772
76777
76783
76787
76804
76808
76833
76845
76857
76860
76863
76877
76920
76926
76931
76935
76941
76944
76946
76964
76973
76977
76987
76990
76991
76993
76997
77007
77008
77012
77023
77025
77031
77033
77073
77078
77081
77085
77100
77110
77114
77126
77127
77131
77133
77168
77170
77179
77196
77206
77224
77261
77262
77263
77302
77317
77318
77328
77331
77337
77348
77353
77354
77366
77371
77385
77396
77397
77402
77412
77415
77421
77424
77434
77457
77465
77466
77468
77478
77488
77490
77494
77499
77501
77507
77528
77533
77547
77560
77562
77579
77590
77613
77615
77626
77630
77639
77643
77653
77676
77692
77700
77701
77736
77741
77755
77758
77769
77776
77782
77787
77795
77828
77833
77847
77852
77901
77903
77911
77913
77941
77959
77993
77997
78003
78016
78018
78024
78027
78048
78084
78096
78106
78113
78116
78150
78158
78162
78172
78174
78177
78190
78194
78206
78210
78214
78241
78247
78253
78265
78268
78272
78285
78292
78316
78327
78336
78357
78365
78371
78403
78405
78406
78417
78419
78423
78427
78433
78440
78443
78452
78464
78466
78479
78490
78501
78545
78553
78556
78581
78587
78593
78613
78638
78645
78653
78660
78666
78672
78675
78678
78699
78703
78706
78721
78734
78739
78761
78764
78771
78777
78779
78782
78793
78799
78803
78812
78818
78851
78860
78867
78875
78877
78907
78908
78926
78927
78940
78952
78957
78971
78976
78980
78997
79008
79014
79020
79029
79047
79051
79062
79084
79091
79092
79097
79104
79110
79115
79125
79140
79149
79173
79186
79193
79194
79201
79211
79244
79254
79264
79295
79296
79305
79324
79328
79329
79339
79351
79353
79364
79371
79380
79388
79399
79403
79404
79410
79426
79441
79456
79457
79463
79473
79513
79514
79521
79532
79556
79558
79563
79570
79582
79600
79615
79624
79637
79641
79675
79717
79746
79749
79765
79797
79802
79809
79821
79825
79829
79835
79848
79849
79857
79862
79866
79869
79870
79875
79882
79916
79923
79925
79930
79948
79954
79975
79993
79999
80002
80026
80043
80049
80058
80087
80089
80097
80108
80110
80137
80138
80142
80146
80149
80155
80164
80169
80181
80187
80194
80217
80220
80225
80232
80272
80284
80286
80294
80314
80316
80321
80334
80335
80346
80353
80358
80365
80366
80369
80385
80390
80395
80401
80413
80430
80440
80441
80442
80443
80444
80452
80459
80466
80480
80496
80521
80539
80557
80559
80569
80578
80609
80618
80628
80658
80671
80673
80679
80685
80688
80690
80693
80700
80720
80730
80736
80743
80745
80747
80780
80781
80782
80786
80810
80823
80830
80833
80837
80848
80852
80856
80858
80862
80881
80892
80901
80907
80911
80917
80918
80940
80942
80944
80952
80958
80967
80994
80996
81029
81041
81049
81058
81059
81073
81078
81084
81093
81096
81098
81101
81134
81142
81150
81151
81157
81158
81176
81188
81192
81196
81202
81204
81206
81207
81227
81229
81230
81282
81297
81302
81310
81328
81331
81334
81353
81359
81373
81394
81395
81405
81413
81418
81419
81421
81424
81442
81444
81452
81454
81466
81469
81482
81495
81498
81506
81508
81516
81518
81531
81536
81538
81542
81543
81562
81571
81575
81585
81586
81595
81604
81614
81632
81651
81654
81656
81662
81678
81690
81692
81695
81706
81708
81733
81751
81769
81780
81791
81793
81799
81807
81809
81816
81824
81833
81842
81848
81851
81852
81876
81886
81889
81894
81914
81916
81917
81934
81939
81952
81955
81956
81971
81974
81982
81988
81990
82013
82020
82029
82030
82070
82076
82085
82108
82123
82127
82129
82136
82185
82191
82193
82206
82211
82213
82217
82221
82229
82231
82240
82246
82247
82251
82256
82261
82279
82286
82295
82306
82311
82337
82346
82381
82391
82406
82423
82427
82430
82432
82445
82450
82454
82456
82466
82468
82487
82490
82501
82504
82513
82524
82532
82533
82542
82560
82575
82587
82607
82617
82621
82622
82630
82636
82651
82654
82657
82668
82681
82699
82710
82720
82740
82746
82751
82754
82766
82797
82825
82836
82844
82852
82867
82870
82887
82899
82901
82932
82937
82939
82956
82957
82959
82971
82998
83019
83020
83024
83032
83034
83040
83041
83046
83053
83055
83056
83076
83097
83103
83128
83134
83141
83164
83165
83174
83229
83238
83254
83270
83289
83296
83303
83304
83332
83334
83336
83349
83360
83377
83382
83398
83409
83448
83451
83462
83485
83488
83503
83508
83512
83526
83540
83547
83549
83561
83567
83576
83596
83620
83627
83644
83654
83661
83664
83667
83678
83698
83710
83720
83724
83726
83732
83736
83748
83756
83759
83779
83790
83803
83827
83832
83845
83858
83882
83894
83896
83916
83919
83923
83927
83959
83965
83999
84031
84036
84044
84045
84055
84071
84072
84079
84080
84081
84084
84095
84097
84100
84127
84134
84143
84149
84150
84162
84186
84196
84215
84219
84244
84252
84254
84264
84272
84299
84307
84320
84333
84344
84361
84373
84376
84402
84405
84416
84423
84442
84445
84448
84461
84483
84506
84509
84513
84525
84540
84543
84577
84605
84608
84623
84631
84635
84643
84645
84646
84649
84653
84666
84669
84688
84695
84702
84715
84725
84732
84734
84737
84765
84767
84768
84771
84786
84811
84827
84842
84856
84858
84870
84873
84880
84886
84887
84890
84907
84914
84916
84933
84939
84968
85018
85070
85079
85085
85096
85097
85101
85117
85126
85144
85155
85161
85179
85184
85192
85193
85204
85211
85223
85239
85245
85268
85281
85303
85313
85315
85318
85319
85337
85339
85349
85372
85387
85390
85409
85412
85429
85432
85433
85436
85478
85485
85488
85498
85511
85522
85524
85527
85528
85532
85555
85562
85569
85573
85574
85591
85609
85611
85622
85623
85628
85635
85673
85693
85702
85720
85731
85735
85757
85762
85764
85779
85816
85829
85842
85846
85852
85880
85884
85885
85887
85902
85907
85911
85919
85935
85945
85948
85955
85960
85986
85994
85997
86006
86008
86050
86055
86059
86061
86069
86070
86071
86090
86097
86109
86122
86125
86126
86144
86145
86150
86152
86155
86157
86170
86178
86182
86184
86198
86201
86204
86209
86225
86226
86229
86254
86256
86288
86291
86313
86317
86328
86329
86330
86343
86346
86348
86362
86388
86392
86412
86414
86423
86456
86459
86463
86464
86465
86468
86470
86483
86501
86527
86531
86538
86539
86545
86555
86557
86563
86576
86581
86588
86590
86594
86622
86631
86634
86637
86669
86684
86714
86719
86725
86726
86750
86753
86795
86803
86806
86810
86843
86863
86870
86889
86901
86907
86917
86950
86958
86961
86963
86967
86993
86994
87008
87016
87032
87035
87043
87052
87058
87082
87094
87095
87101
87102
87121
87141
87165
87171
87175
87177
87179
87181
87183
87201
87207
87208
87211
87218
87224
87230
87237
87240
87253
87257
87276
87292
87296
87298
87299
87304
87308
87316
87336
87369
87373
87383
87392
87397
87399
87417
87425
87428
87452
87456
87464
87476
87490
87492
87513
87533
87541
87559
87581
87584
87589
87591
87615
87637
87651
87662
87665
87668
87670
87681
87700
87701
87709
87723
87728
87732
87741
87742
87754
87767
87768
87780
87782
87788
87794
87796
87806
87812
87816
87833
87834
87838
87849
87890
87894
87920
87956
87965
87986
87990
87999
88008
88011
88022
88050
88064
88069
88073
88078
88104
88113
88144
88163
88198
88200
88201
88216
88220
88237
88244
88254
88266
88291
88293
88295
88299
88306
88307
88310
88314
88320
88326
88332
88334
88345
88349
88351
88369
88382
88386
88387
88409
88421
88447
88448
88456
88459
88461
88491
88493
88502
88520
88534
88542
88544
88552
88568
88580
88594
88604
88611
88650
88653
88667
88673
88684
88686
88692
88697
88713
88714
88723
88724
88737
88740
88744
88747
88758
88764
88768
88783
88792
88794
88796
88805
88807
88809
88810
88824
88825
88829
88832
88836
88838
88848
88867
88884
88905
88907
88925
88926
88937
88938
88951
88964
89010
89031
89060
89089
89090
89096
89111
89132
89162
89168
89169
89174
89178
89188
89198
89218
89225
89229
89233
89234
89236
89237
89243
89247
89279
89281
89291
89293
89296
89307
89327
89329
89334
89338
89347
89349
89351
89380
89387
89389
89400
89416
89417
89424
89425
89428
89459
89478
89485
89488
89498
89501
89506
89531
89544
89548
89551
89554
89556
89561
89562
89573
89576
89594
89620
89630
89638
89642
89643
89648
89670
89671
89686
89701
89734
89747
89754
89761
89765
89776
89778
89802
89804
89821
89836
89842
89850
89879
89897
89917
89949
89956
89958
89964
89974
89977
89987
90001
90031
90033
90037
90044
90049
90059
90074
90085
90087
90088
90101
90110
90117
90131
90132
90141
90158
90184
90186
90210
90226
90228
90237
90260
90263
90287
90321
90335
90337
90338
90342
90355
90366
90367
90372
90387
90389
90399
90401
90411
90435
90439
90441
90451
90460
90468
90478
90481
90512
90515
90524
90534
90541
90542
90564
90565
90590
90595
90596
90599
90602
90607
90624
90630
90635
90647
90684
90707
90729
90767
90775
90785
90811
90826
90827
90843
90850
90859
90865
90878
90885
90914
90966
90970
91015
91016
91022
91034
91038
91043
91069
91081
91084
91092
91094
91113
91140
91156
91168
91178
91194
91198
91211
91229
91232
91235
91237
91246
91247
91248
91258
91267
91274
91277
91278
91280
91284
91302
91303
91310
91313
91319
91323
91334
91354
91365
91374
91379
91393
91394
91395
91400
91409
91410
91439
91443
91457
91469
91487
91510
91518
91547
91550
91551
91563
91572
91591
91623
91626
91665
91667
91670
91677
91689
91702
91728
91736
91758
91772
91783
91788
91791
91792
91813
91828
91830
91850
91860
91876
91881
91890
91915
91921
91925
91931
91938
91939
91958
91966
91968
91976
91979
91985
91986
91995
92000
92002
92009
92019
92036
92045
92071
92095
92096
92105
92116
92119
92124
92134
92135
92138
92141
92147
92158
92206
92225
92231
92241
92263
92264
92267
92276
92290
92294
92302
92308
92310
92333
92341
92345
92349
92361
92362
92364
92377
92381
92422
92443
92450
92460
92468
92475
92484
92488
92492
92495
92502
92508
92509
92515
92535
92551
92552
92558
92582
92586
92594
92596
92602
92610
92622
92644
92648
92650
92661
92664
92679
92688
92689
92710
92716
92721
92723
92732
92761
92762
92769
92777
92783
92788
92789
92794
92804
92806
92820
92835
92851
92872
92878
92881
92894
92899
92903
92915
92916
92918
92925
92932
92939
92954
92980
92990
92991
92995
92998
93018
93029
93048
93050
93062
93063
93070
93072
93094
93104
93118
93127
93135
93140
93147
93159
93164
93184
93201
93203
93226
93238
93246
93247
93248
93256
93257
93270
93275
93284
93286
93306
93311
93312
93330
93333
93334
93343
93344
93345
93355
93364
93378
93380
93398
93451
93496
93498
93503
93538
93553
93558
93610
93620
93623
93642
93648
93679
93701
93708
93709
93711
93722
93723
93728
93732
93747
93762
93767
93776
93785
93794
93796
93817
93818
93843
93851
93855
93876
93886
93956
93959
93968
93975
93982
94015
94022
94028
94037
94051
94100
94114
94115
94144
94150
94165
94182
94192
94193
94203
94213
94215
94224
94226
94229
94234
94237
94238
94241
94266
94289
94299
94308
94310
94319
94333
94349
94350
94351
94358
94360
94374
94383
94390
94406
94409
94417
94442
94455
94462
94465
94479
94500
94507
94510
94521
94524
94532
94562
94578
94598
94607
94618
94624
94662
94667
94673
94679
94688
94692
94714
94715
94716
94731
94739
94743
94744
94746
94751
94762
94769
94776
94778
94782
94785
94808
94822
94823
94826
94839
94840
94849
94852
94856
94869
94870
94882
94896
94908
94909
94910
94912
94923
94933
94939
94942
94944
94959
94967
94969
94973
95006
95012
95018
95030
95040
95046
95048
95055
95069
95070
95088
95093
95099
95111
95121
95127
95153
95156
95157
95159
95168
95189
95191
95201
95220
95228
95246
95258
95260
95272
95273
95276
95281
95286
95297
95307
95310
95332
95337
95356
95363
95364
95382
95396
95401
95406
95408
95415
95419
95428
95452
95461
95468
95472
95476
95477
95514
95521
95550
95556
95561
95570
95589
95592
95594
95603
95604
95609
95611
95624
95651
95668
95683
95704
95735
95749
95757
95766
95783
95787
95790
95823
95825
95831
95833
95873
95891
95893
95898
95900
95904
95905
95923
95927
95931
95937
95959
95966
95970
95973
95979
95988
95991
96004
96006
96025
96035
96061
96069
96071
96082
96099
96100
96126
96132
96149
96164
96169
96171
96182
96188
96190
96196
96211
96249
96255
96256
96267
96289
96353
96369
96371
96383
96387
96394
96402
96411
96420
96422
96435
96453
96462
96475
96479
96506
96511
96525
96531
96547
96558
96562
96566
96595
96604
96606
96629
96637
96645
96646
96647
96654
96663
96672
96684
96686
96691
96693
96713
96716
96724
96738
96773
96790
96796
96798
96804
96817
96824
96828
96829
96832
96854
96858
96888
96896
96900
96919
96932
96939
96962
96969
96978
96986
96991
96996
97001
97010
97022
97023
97035
97045
97107
97112
97134
97137
97150
97164
97165
97187
97202
97207
97210
97234
97235
97241
97253
97274
97276
97285
97286
97290
97293
97308
97311
97313
97326
97329
97330
97335
97348
97352
97354
97356
97379
97385
97391
97393
97412
97413
97418
97423
97433
97434
97439
97440
97442
97452
97459
97473
97479
97485
97490
97498
97499
97512
97516
97521
97523
97544
97575
97579
97599
97600
97612
97617
97628
97641
97672
97697
97704
97714
97725
97727
97732
97768
97771
97790
97792
97793
97807
97819
97837
97854
97856
97859
97895
97900
97902
97912
97921
97936
97938
97966
97967
97969
97975
97980
97991
98002
98018
98037
98040
98042
98043
98062
98075
98079
98092
98096
98115
98126
98128
98142
98152
98195
98200
98209
98223
98261
98263
98267
98279
98283
98284
98285
98290
98304
98309
98311
98312
98314
98344
98348
98349
98352
98375
98379
98384
98387
98401
98420
98421
98424
98427
98431
98448
98452
98464
98473
98476
98485
98488
98489
98501
98521
98526
98536
98541
98559
98568
98571
98580
98586
98593
98604
98618
98620
98640
98657
98658
98664
98682
98689
98696
98715
98717
98734
98738
98742
98744
98749
98781
98787
98794
98799
98824
98836
98845
98849
98852
98859
98883
98884
98888
98907
98920
98924
98938
98940
98947
98956
98958
98975
98991
99004
99005
99059
99086
99101
99108
99109
99112
99118
99127
99132
99143
99146
99150
99160
99162
99164
99167
99173
99200
99201
99222
99244
99246
99249
99257
99271
99278
99307
99310
99317
99356
99367
99372
99399
99413
99421
99443
99462
99486
99503
99505
99513
99514
99520
99531
99534
99540
99542
99545
99553
